7325
1529
6554
230
9565
7370
7405
753
6870
2956
1066
1337
4928
8097
8451
1373
5247
43
5903
1078
3459
3232
6869
7637
6416
5327
7279
8205
8471
5636
8439
746
214
4463
7317
4962
8504
9184
3570
6877
8672
9732
2882
6701
4098
9983
4212
2955
3846
2571
7663
2795
5769
6143
360
3107
2589
4068
2641
452
2174
3703
2872
5507
9126
7403
3095
4578
3544
9053
8675
8050
2230
1424
6590
6242
4604
3432
4354
8124
5944
7038
7554
4573
1879
7913
9851
7996
2345
7890
7175
866
7483
3666
8326
4392
7624
6591
1127
8602
4868
4136
547
1693
8301
8053
8393
3339
6798
9627
8391
6321
8239
8357
8517
2072
662
6876
5003
1700
6640
4967
6010
698
7650
6668
5558
6324
7898
3348
5284
9605
2403
344
6221
7305
2676
9997
3657
8768
3511
9832
5033
7820
4250
8801
1581
4356
3647
1052
1045
1595
8974
4839
7398
4289
739
4425
158
8382
9523
1945
3762
9707
9996
8131
5090
218
1009
3993
7500
7243
5354
4093
7473
9816
1532
5235
6740
6956
5444
5777
2049
8143
3491
9870
4551
7670
9187
8095
2136
5591
4193
7432
903
8508
1549
4734
5916
9665
4974
6663
888
7003
9705
3717
5305
904
3409
9981
6563
6697
592
8240
788
9328
5006
2036
6743
9635
2502
9750
7254
948
9506
1387
2899
8390
9856
8062
8753
33
4864
9702
4521
7513
798
4597
9733
4230
293
6996
7585
4528
2838
6228
8789
4236
1453
5058
6072
9486
3051
9086
2295
9892
8110
4938
9414
1714
8493
4476
9205
8394
1586
2507
850
4283
4432
1471
44
7982
46
635
1137
3644
2705
6613
2817
9829
655
5390
394
425
384
388
3262
8662
5257
7873
9156
9372
315
9782
728
2759
861
2348
8156
2380
849
2543
2384
437
2064
8862
6629
4067
9680
4905
2421
7749
7373
4675
1663
2060
747
9496
5504
2492
3841
9394
1957
5774
2816
2005
2776
8574
709
4027
1833
6071
6781
2046
572
3247
454
6380
1538
8107
1857
7945
1485
449
7077
4207
4991
4720
1562
8635
574
292
9397
1524
6764
7322
9215
3898
4042
6947
1168
6732
4804
9357
1625
5951
9857
3030
4844
6528
5173
2656
5776
8513
3522
7842
3527
7035
6451
6920
6174
1925
4442
4617
5353
792
622
9338
9329
3264
1523
1463
1449
6735
890
4684
3272
634
4933
896
2460
5665
2456
8215
796
8826
5788
1884
371
5643
5847
7636
3342
1104
3093
5059
7252
3854
2880
781
6725
9788
2557
3045
8042
6452
4994
5639
1156
3460
1658
1395
8653
8268
316
6685
5159
2358
6627
9698
3801
1926
1232
6455
7943
6217
4637
9554
3684
8220
9671
2347
370
4606
4441
4542
2504
5238
9193
2242
5993
7672
6604
122
3481
6119
1831
4051
8431
1921
7900
8476
9100
2152
681
8722
6586
3998
7284
1317
5711
8941
5350
898
123
3891
7414
4340
4211
5674
137
6933
5359
7103
9876
6049
9342
5836
3375
2575
6332
5867
9368
8188
1878
1784
6960
7971
4044
7072
3985
3631
990
3797
9257
3137
3160
1759
3038
8995
127
1129
770
6914
9775
6292
3521
1772
8007
842
9578
5832
8680
3633
1880
1073
7193
2777
9354
5933
8598
1484
1847
6609
3779
2883
624
9600
4500
2875
3916
4683
4829
7084
833
3139
385
4317
2753
9288
6886
3356
901
2562
4310
5897
7628
1661
7738
9781
3990
1353
3989
5210
8870
2088
8304
451
9843
9075
2828
4761
6144
914
7324
1788
6338
8547
2406
6471
6415
5726
5838
1234
9969
2253
5060
6003
5555
9065
350
8278
1919
3768
3662
4719
3611
9447
5341
2116
9718
6258
6193
7378
4279
4350
7523
6691
7875
3831
2697
5452
2367
2017
2479
7723
1600
1495
4433
1085
7953
1815
2693
6457
6616
526
6574
6020
1966
7501
2517
8187
667
1596
342
1082
8169
9055
9062
8935
1649
6053
5295
7646
3622
5472
5299
5356
1645
6265
6932
4620
9197
856
9990
740
9599
2600
3052
4447
4740
7048
4813
1312
4669
2902
1142
4060
8715
4877
6779
631
8398
3048
5139
8707
1111
4843
5722
6279
6467
9458
1766
8572
6099
6829
7581
7121
422
7203
9455
1578
3117
4286
498
7112
9415
6592
4206
4800
1885
3624
7264
6552
7983
4227
7611
933
834
3536
5145
1783
730
7298
1101
4040
6713
7811
5453
1203
6641
2140
4612
4438
7213
3923
4707
5767
2469
9754
2906
6066
5464
2004
8016
6496
7694
2823
424
2120
2032
1003
8600
5929
5396
8191
9462
2459
2865
6513
7923
6923
9074
980
6896
9226
7893
5381
7984
6987
1288
84
2623
7321
442
7655
4239
6729
2290
8263
5179
7638
5912
2770
9306
4110
959
1358
7490
2014
1299
9203
8835
7552
6295
4147
2863
1068
4516
9873
8988
7021
7658
7517
6092
6642
1346
5078
5000
7421
3680
1716
1982
2300
5670
4961
2042
2668
78
3932
3789
8193
6076
2082
4349
2512
846
4301
3913
3410
3826
6448
3668
3189
5841
2430
8783
9988
4636
7144
3295
3669
9995
7714
6354
8345
5312
9119
2785
606
4830
8133
8582
1059
71
2751
4268
5335
3157
1599
5771
687
7439
9326
8322
3777
2423
714
5984
3879
9017
8360
3234
2232
8745
1195
8882
8063
7525
8458
2346
9636
7258
9933
9241
5371
6797
8486
6406
6154
3220
438
5374
1154
956
3600
9932
6911
5120
1454
5096
5755
9472
9391
6334
2845
2831
8919
4739
9783
1253
6687
9954
38
6320
9183
3079
1659
6991
9014
1548
4512
6331
6723
8421
4457
372
1414
2678
9687
9466
5209
5545
9048
4371
7128
3803
6649
5103
4357
3438
5624
7101
4195
487
3733
8337
2701
5480
2855
3867
3950
6245
2281
3539
8596
6807
9076
4890
1706
3221
2467
4069
7577
3551
570
3836
5655
4351
274
1907
7751
7728
2293
6737
1956
7019
9322
4014
931
9774
1617
7231
4237
3876
4834
9868
1001
8227
8464
1271
9667
1333
2328
8395
3585
2274
6992
2764
3853
7434
1542
6381
1026
5840
3592
413
7715
5407
8221
7464
2474
9474
5277
6023
9429
7547
8167
3217
2074
6524
3319
6910
951
5855
7095
3429
627
4271
2146
4133
5045
2595
9174
2847
4595
8336
4990
5021
5206
85
7097
3226
3904
8119
3464
5644
7177
1264
1953
3062
1846
6080
3396
800
6365
1758
1360
1132
8400
4845
3163
6930
6806
7623
6611
5044
8522
4981
4970
1321
4882
3865
3582
1702
4240
8812
937
2067
4503
3316
7489
1133
263
8425
2101
4942
8320
2229
2105
2707
3963
8614
1369
2974
7960
9971
7401
4313
6773
9647
460
9339
8958
6377
4840
8686
3341
2195
857
6892
7570
8736
9595
6278
5410
5496
4066
3300
2110
6981
5667
7941
1018
3238
9802
2608
9206
1620
5986
2607
2006
8261
9562
2782
9362
6216
1270
725
7455
7639
1320
2282
2309
8353
7647
6234
277
3704
5200
639
2840
3595
2304
6887
2093
1958
3824
4056
6291
8492
5194
187
6056
9514
9351
4440
2145
1481
5134
6555
5684
6200
3161
8913
512
6300
5428
1266
1633
9104
7641
7853
8703
7818
621
2385
2515
6088
6819
5399
5243
6921
4862
8740
8709
9135
9249
3770
2197
9025
297
8606
5065
5612
8437
7579
2465
1349
4822
9810
8782
4806
2499
1006
2837
373
95
5246
8799
9060
3398
5346
1013
9858
6564
2928
4378
2943
1113
6603
9769
8591
3182
4729
9906
5144
1814
7717
4732
1755
6006
7349
7835
8673
3967
8229
4789
7924
5938
1615
5261
9115
341
6742
9703
9805
1461
5229
7727
2186
4102
3070
3828
3564
4139
5930
3049
3223
9964
1984
4426
6755
2062
4320
4774
7009
5448
9721
7745
7125
3562
5714
4114
7565
4922
2861
832
9252
9031
2205
1961
5628
2905
919
7347
541
1047
2891
2452
6901
7777
8767
2724
6985
4346
6593
9561
8804
620
6330
7179
2672
5633
8731
1499
5138
4420
2620
1380
4773
8332
8100
2127
1305
3057
9957
9468
9297
4299
3832
1731
1
4849
8200
7445
7719
4550
7496
4012
7620
3781
6270
3710
7656
4502
829
2521
1934
5080
9000
7856
334
9180
5614
9929
6617
7217
2389
7395
4717
2629
3920
9319
760
3741
3445
6458
171
9720
6050
4838
5960
1427
7011
9082
3148
1923
9889
9560
61
8618
7661
1163
797
7295
7799
2820
4986
339
3799
1708
2536
6560
607
825
3578
6927
4198
8497
9169
5508
8446
8469
7085
5582
7435
7882
7729
2007
3738
6384
2771
661
8041
9976
707
3455
8086
2178
1065
1748
5475
6007
5828
4764
6615
4504
5431
8285
4304
3671
6101
7580
1824
4708
9125
5533
7548
4175
3230
4465
4716
121
6235
3355
9497
8772
9524
3747
6935
3863
2663
3297
225
265
3933
8209
5506
4321
8246
2450
9434
5424
6127
457
1210
4687
9234
4545
748
8254
4477
4201
828
4264
8067
3508
9620
7851
8198
7508
3674
6024
3309
4086
4352
3774
5361
4792
2993
2563
9274
2826
2632
1191
6853
9175
6710
2920
3706
8786
4918
6337
7074
9649
6652
7133
5761
6786
9539
8298
9221
3457
601
8737
411
5052
4783
3862
1583
8482
5310
9968
7992
4229
9404
1303
7674
9808
2061
9613
2723
1393
5730
6181
1994
7880
8712
2704
8827
7118
1043
3025
1378
2592
8663
4482
8741
8157
94
5630
9960
9140
521
6539
7609
5041
5635
4725
4375
7559
3076
9334
2464
8550
2650
2774
4421
2215
7994
9490
656
9890
7364
4934
3178
131
2736
2246
2783
5820
1535
2911
2772
7151
7410
6661
7076
8245
132
4226
5393
8610
1630
4678
6322
9912
6883
1291
7697
467
7926
7702
9321
4614
1955
7409
1014
3377
9585
3994
8472
5757
4629
7788
3924
9411
9683
1900
1100
9965
3317
4094
479
9263
2802
6995
4174
8312
3293
7143
3304
8079
2237
7227
3035
8874
3510
5752
7297
4812
5792
8875
9009
4159
9324
2287
9532
8797
7596
3227
947
6075
2529
2023
6683
9451
9111
5546
880
3249
429
5081
9982
2252
4940
8738
2047
9592
2959
2018
4155
2649
6568
2727
4061
8544
8608
3572
8495
6409
1459
5866
4902
9146
1629
6716
6954
7391
9966
8217
7557
5402
1800
6885
6802
2814
1973
1931
1503
5071
9473
6926
5519
779
5287
1357
7052
7281
9453
9610
1119
6548
1332
213
295
9771
9457
8978
4570
7375
2991
6700
8406
8031
3714
5675
1863
5594
1483
2278
9603
9382
4575
539
552
3771
7397
8811
6569
9580
1730
6399
6351
9962
2025
5226
6301
5969
4505
3290
9162
9218
4535
8363
8505
7045
4149
5342
5178
3071
764
4718
9408
3852
1428
9158
6348
126
5133
7332
3424
9480
4015
3321
8868
5240
3746
7962
7292
1434
5437
1041
9057
7975
4023
3802
2429
765
286
5879
2267
161
5476
950
3132
9761
1401
3806
6353
7120
8460
2780
480
4055
3468
6336
406
4536
6240
6288
5559
2050
5861
155
8056
847
2457
8186
6191
8158
3302
1635
1165
4909
8066
8651
3869
5919
6998
6618
4246
7069
9911
2301
2122
8
9201
3503
500
3383
8568
7809
2560
7182
6821
8195
8051
5843
8103
474
8515
1691
8084
5511
9141
2244
3608
2628
1951
2262
591
2647
7867
5074
4257
5536
1425
6573
6392
3947
801
8581
465
7291
9343
5171
3886
4414
3026
3778
2735
4667
4689
4077
7010
5380
3433
4032
992
9353
2286
6310
9010
8805
3505
9089
2827
4117
4682
3766
2108
5955
6680
4
8885
4474
1420
3555
7046
4165
4200
7630
5548
8743
8396
8969
8670
9819
9181
7404
7735
4179
7215
3935
6997
4141
4153
5974
8282
821
7657
5883
2790
9405
1632
1268
9694
9336
8149
6397
4105
7058
7691
8939
6339
4968
8521
272
32
2614
3952
8822
2356
312
7274
3473
8576
7688
4037
8293
1182
8255
5727
9972
4639
4064
5849
8534
4071
6261
2610
9417
9989
268
9438
8927
4681
3541
6047
7507
6417
2352
602
9921
4643
4820
7671
5376
4379
9696
3805
8329
106
6150
4361
1701
9991
9768
3083
9090
8309
9719
3296
9083
5884
1811
2549
911
7934
7974
2151
419
7989
957
1330
9504
5807
4517
7772
6499
8944
5889
1263
3022
9987
3325
1936
979
13
2640
3236
4814
4971
860
4490
7293
8750
6698
2950
6688
476
2667
8603
2808
1854
3665
5649
5073
7460
9318
6472
7090
7261
5228
4189
1015
9432
762
8330
19
5189
4930
4308
1410
1211
4334
3019
4355
1799
8659
827
7105
7910
5481
1162
5890
3466
9242
8533
4580
6305
6102
2130
3013
5650
8575
5677
8588
2604
7237
6189
3126
9778
4319
8307
4387
4303
9401
4736
6638
8388
3412
869
3750
7066
5429
6363
8931
8021
10
9051
3380
7947
9796
9827
5856
4644
1295
8626
1057
2455
7748
9335
6577
1570
3192
7386
2168
434
9727
6595
2965
9937
6096
9679
3609
6282
7760
7582
9790
6726
9728
1950
9690
2167
4591
6369
1823
8757
8616
5806
8426
5158
3006
5544
5673
3860
5920
3569
4407
4172
7359
5927
7814
2035
895
6790
39
8668
2243
1037
91
5026
435
7648
8744
3542
7356
5865
5640
1183
4694
2687
8957
6520
6519
5900
354
7817
7928
4892
282
6816
5303
1905
3540
6608
8272
3558
8564
1726
3915
1150
1765
5580
6899
9624
4187
1256
987
6546
4547
2415
9406
1650
5631
232
7742
4131
7164
101
6938
6510
9310
1237
9132
9459
918
9356
9279
5597
4777
7821
8292
4569
251
2930
1767
8405
2490
7216
6298
4721
5383
3382
921
5147
2524
6891
1002
6385
818
944
5272
3880
8455
3287
6567
5126
8258
1906
2842
9934
1432
1802
4111
1827
5014
1928
1877
563
3147
1005
3753
5662
6784
1327
8022
6565
9511
1294
733
2602
6817
4085
7604
6011
2149
6156
9950
6761
8838
2981
8934
9673
4218
2066
5663
1537
7977
405
7485
1671
9706
8636
3992
1030
2781
6198
148
1584
5851
2334
2719
181
4746
1564
8700
439
7201
4377
9940
501
1136
6619
4755
2271
2251
9499
6100
7469
5107
9753
4173
4142
9337
30
630
9385
6042
9209
6186
5459
9956
330
7304
1687
9515
86
5676
4461
7618
1798
2204
2618
9939
3185
1850
3124
763
6093
9286
2511
6054
6559
7696
2527
7419
3193
1554
2447
8983
7198
6847
4778
5815
9894
152
5479
8000
1626
216
3791
4628
23
7020
163
9439
7969
8922
3793
1130
2806
1603
2633
3060
7693
6091
3645
7459
7932
7765
1093
5956
5811
6959
2324
3509
1539
4752
179
1227
997
2277
5106
3084
5412
3210
7588
4359
3977
3694
7726
4610
9913
1638
6426
456
4464
6068
8049
1189
1121
1209
8778
2297
1692
9112
9121
5839
9018
9277
609
4873
185
8622
7961
2138
6314
2612
3131
3563
6479
8646
3440
965
2320
93
6999
9885
7667
1479
8648
1152
608
8938
4261
7970
9347
1665
8763
1579
2080
6610
650
7533
9130
2985
2019
9422
4561
3239
9492
2013
1608
3379
6441
285
9926
4177
5881
9945
6686
4888
4437
3259
35
2961
2057
5561
2265
8328
1888
3335
5379
5941
6654
8448
8519
7002
7724
8876
8456
8436
9363
8184
8821
2888
3653
6832
2694
7001
3378
2565
8354
3170
7073
2212
6202
8973
8048
568
3589
585
1604
6083
5400
3144
8690
2766
430
7269
887
5262
2588
5754
8055
9093
4219
6411
2576
4168
2051
7897
4863
8531
2303
4641
1999
9691
1502
1517
605
2077
9383
9469
5306
8992
6871
2089
4263
250
9597
1960
6830
6340
8046
4388
9291
1677
2551
3483
4196
9268
3597
7228
1500
2832
3387
9724
5932
1651
3934
3428
2509
199
4677
3922
2505
1287
9134
1821
7786
2236
3011
9284
6945
7014
6122
8207
1482
915
7587
618
2721
6113
5260
2718
9424
5170
5069
2235
3825
2211
1883
2940
9294
5512
9660
4256
4982
7783
3628
509
7921
2189
2299
8634
6
1457
6046
9313
5367
5858
3390
6442
6840
1679
7091
4685
5578
5467
7782
3654
9254
2095
7574
4946
5526
7394
4453
8956
9835
3667
5830
2673
8842
1107
1391
8417
5193
4418
1397
8235
1932
4589
8174
6454
4360
7202
7495
5455
6371
4850
2609
1685
6898
162
7379
3689
575
9656
9654
4831
877
3251
8418
3413
8494
2583
2386
8369
7078
3153
5304
3044
4081
1108
8729
8212
8824
3561
5423
4815
1866
5010
6077
8654
3575
7863
9849
9541
569
908
6842
9861
4292
6347
3682
5
17
4799
7454
7800
8780
5207
4549
5694
3557
8327
604
1196
1144
7593
9577
3042
326
1979
3133
2158
5904
7482
8667
2660
1016
8769
3605
1176
6719
3034
2801
1849
6208
8695
4002
6343
4626
8605
693
7869
3122
7692
9204
6950
8029
1442
59
2532
5038
9814
795
8996
3588
259
3484
7225
8884
891
9607
9003
9315
5142
7883
3367
2859
752
4383
3751
6064
2531
1498
8194
9866
2548
7122
7323
8994
8785
4072
9
6375
9063
3614
4588
517
9498
4154
2729
7451
1974
2416
99
7155
8710
9384
1446
1574
6361
4964
756
6542
7222
2390
3394
5219
3535
3334
6485
9373
4965
5894
2746
2148
5339
1031
1760
6550
1646
7912
5124
2680
8569
6493
7590
8403
8971
9266
447
596
6158
2523
7294
5340
559
2711
5329
1402
789
6857
5150
1126
9139
4700
2493
364
5163
8775
3975
1160
9160
6572
5426
6637
7067
5870
4314
4339
9820
8543
1545
4525
7706
8829
1418
7616
3443
952
290
565
8080
7541
9109
3330
112
3403
9213
8247
3008
6255
3364
2481
495
4702
5516
5950
6805
2983
9364
4435
4508
6121
1400
2539
6651
6280
5102
8299
5831
7402
8266
4880
5154
879
845
6213
8857
6771
8888
988
3357
1404
6694
4373
3101
9365
7211
9152
3111
9668
1316
5156
9072
2631
761
2878
2585
9381
1080
2797
4411
5264
4439
8972
3847
6329
4380
5112
5611
8440
8910
5253
8196
2338
8462
4385
1157
5833
177
7602
1983
1776
4120
7848
135
3116
5801
7707
8617
4750
8356
7699
420
3745
4817
3874
4742
963
3299
3284
3743
9657
9507
5708
9305
6446
9848
2843
757
1326
4973
8930
1559
1083
7852
1572
3546
6025
5028
3467
812
3670
9674
4235
4362
9633
3453
3268
2605
1972
9289
9740
5040
3449
463
5880
4270
7876
6851
8997
2162
8916
6547
1322
9803
6512
6858
4445
1184
4202
648
8065
2083
7029
7145
2810
7868
7752
6491
1389
3480
9039
3086
2273
8197
8487
7032
2731
9387
4876
245
5174
6974
8946
4956
117
9021
533
4374
777
6281
6849
2830
68
410
2918
9992
4787
2199
8411
9137
928
7747
6335
3092
6909
401
690
2954
9122
6244
7948
1660
1061
5408
3953
1308
8090
6657
5461
3620
6430
647
7850
29
3291
9247
3270
4181
9273
506
397
5743
3366
458
9735
9219
6180
3368
4826
1048
2382
9128
9897
9723
9361
5823
6352
5501
694
1140
1230
1265
8284
5868
7660
1216
1587
5796
4466
9844
4724
6873
7147
4205
7139
119
3371
2569
8507
4581
1223
8459
2422
2462
7854
4655
1745
4134
7491
5311
7827
6561
8658
2518
972
8546
9270
4498
2472
9070
6231
6247
6388
9757
6919
298
2990
5298
1807
1406
6968
1808
2255
6653
7050
8613
2679
2503
5463
3215
9251
1806
5590
7966
3685
4753
2744
2936
141
7511
2176
2540
7716
483
8201
3205
3918
391
3310
5573
2073
6704
7985
306
7592
111
3856
2335
404
5043
4598
2247
628
7614
1881
4290
9505
7967
7553
6703
1605
6825
1656
3055
6744
2239
8843
2597
2699
9071
145
2898
2437
1381
1398
8714
7879
778
1882
3712
876
4979
3755
2092
1768
505
670
885
5943
6944
598
2495
5837
7712
6490
5095
8252
8987
2483
9131
2411
5025
4282
3955
8273
21
4281
7333
6757
9272
5736
4403
7310
9537
3361
4674
8563
6644
9446
2102
7987
4947
83
5093
9477
6277
34
3519
8470
4640
2997
3549
3621
4249
2325
1724
8629
7425
2071
9609
8176
6676
1637
5911
8694
6607
1493
2677
8151
3094
3439
6803
2360
8180
5297
6724
1027
6272
7807
1034
5810
1504
7972
816
8949
4344
6427
8069
2733
6302
2963
205
2537
1792
6079
7288
3229
6718
1739
9444
8565
924
1735
8161
4710
4976
1747
3149
8632
9220
6026
7195
9229
6342
1816
3120
2800
5495
7789
1566
6149
7146
328
4915
2096
8372
4649
3855
9908
6800
2895
6035
2812
89
113
2408
673
1514
4695
7242
9985
5805
4594
2975
7673
3269
4676
1797
6284
8171
5586
8102
6738
5822
7162
8141
1375
5793
1261
9916
3105
3887
5541
8154
1639
1217
6977
969
9255
7344
3333
8303
9101
7526
1653
4472
390
5685
7701
8032
8553
9129
4393
1311
705
6727
3894
7308
6890
4312
3507
4565
1985
4866
8548
6562
9091
6449
5523
2388
4530
9860
773
1235
9136
8478
5281
2000
2219
1179
1509
1678
4300
4492
2947
7458
6051
4245
6141
6580
5905
7140
8612
4255
5915
907
3121
5035
1892
8093
3073
6029
4711
6522
9323
6016
9557
3591
7276
7163
4546
3266
7659
5659
8924
9920
9862
9120
1672
8059
8532
4627
6699
154
6002
9501
2268
5518
9212
9106
3581
7197
481
3012
9611
2223
8045
3419
3040
9841
2643
8708
9821
9764
7027
1281
6313
1090
9253
7142
314
2498
9568
9872
4767
4288
9697
108
1044
9371
695
211
54
2881
7411
7318
9185
7119
7150
4543
1689
8850
2038
5368
2514
3471
4241
6296
613
4079
7980
7933
9743
1081
5735
6536
7836
5344
4668
7346
3638
3089
3414
6516
5360
7781
5957
3782
280
2260
5563
8435
8150
9360
1507
9102
535
6248
1580
3273
6383
7775
4870
1719
1262
5321
1947
7016
8414
8024
9040
6222
130
253
5964
2577
3277
1238
4234
1206
7037
389
9879
8682
3384
2375
2642
2436
1139
2853
5244
3553
9350
2913
5740
4745
7824
2768
8499
4527
9555
7438
1991
5791
4709
8313
3423
6341
772
4540
7755
1871
6086
684
2568
8523
6233
3931
2685
5176
7345
652
7204
5576
5418
2784
5267
2424
4511
2937
2876
7859
8101
6434
7515
2377
2412
981
8071
4413
2208
6679
2627
5826
3656
1290
3697
6220
2231
6669
8450
6599
2010
4680
6382
4679
8528
7555
7909
5652
2914
6294
2617
4294
9028
189
8490
4427
7573
5029
3732
4296
3925
8779
5050
257
9390
331
2564
3016
5234
3788
8623
558
7686
7929
754
3451
6089
6684
2369
4605
191
2946
9113
6067
837
923
3548
1120
8655
9998
5529
6943
3752
4786
3534
4307
6975
5982
8792
7487
2791
6058
2897
5804
9658
4586
9144
7340
1864
1476
2821
1781
1319
9159
6393
1938
7640
2755
5936
7545
5314
2291
3119
9085
1855
4775
7362
977
2184
9566
7071
1516
1789
3340
8696
3125
8791
125
3560
1109
4162
3063
4016
4885
3406
4925
4384
4803
7768
3612
7855
3106
5151
9186
221
4104
2702
8518
6766
8277
2584
6428
9917
2741
8125
8475
4017
3954
8480
6810
4024
9713
8814
3896
5166
4345
7026
6501
9571
4751
7355
5232
4513
852
805
2541
492
8264
7505
42
4276
414
6473
9574
7190
223
7764
8018
1028
9402
7426
4118
8749
3554
8163
6179
8371
9744
6733
7422
6120
4272
8023
5850
9678
4854
9767
6043
8806
1255
2896
9648
642
3243
3188
2700
4045
6505
6544
2708
9200
3175
1293
2654
2470
6636
7534
464
1848
3113
6746
6747
9520
3263
2435
4936
8724
8148
7662
5172
9601
616
750
8155
9081
636
8216
8830
4615
5492
7017
462
8166
153
358
6986
8139
5286
5023
8998
9398
1670
4635
6780
4052
6128
7371
6811
7352
9426
8559
8058
2998
2015
3187
4860
346
2454
9621
1924
3020
3690
6656
3972
8496
9118
5875
7312
427
3427
8730
749
2886
2591
651
8751
4898
247
8620
4983
118
5387
1236
843
6098
5967
1350
2968
5270
3991
5109
881
8291
3066
5908
9440
2550
9789
1086
6792
5532
1582
8116
4801
3194
2938
4847
3892
1039
8138
7184
6765
3872
4389
2008
2258
9395
7354
9410
6600
8836
8290
3495
8257
6980
2805
8204
6065
4989
3792
5490
6988
2165
7232
8621
3452
3308
9608
513
6789
3787
3347
1452
431
9016
824
2248
2491
6936
2207
6541
4821
8213
4544
1567
140
9223
9512
485
3663
4059
927
9283
1694
5891
4119
1992
514
1324
1751
2225
5834
4622
3910
5205
7110
8524
5202
1913
3311
5963
3197
6813
2263
5681
2996
5697
1207
8099
1141
6571
1817
5604
6376
6767
7245
6167
1257
8365
6468
8706
6658
9307
7251
7047
8936
9292
8378
3072
8642
9478
8183
922
5091
3280
2392
999
9737
8271
1804
5255
240
794
556
7608
5725
5201
1952
6117
8429
2870
9734
3059
5076
6182
5218
3512
1134
7904
9910
665
5575
2925
1602
2196
8571
564
5872
5349
5132
823
2606
7790
7013
4696
3962
7801
4103
1280
6421
5701
7759
8859
1458
4879
1478
1148
2644
2726
7665
4164
2645
1480
9080
1412
5716
1089
2825
4913
5072
9096
1200
1669
9276
2434
3244
260
9878
5751
5471
1710
991
7805
7889
3709
5966
7684
8962
8557
7241
1752
7387
3556
279
8604
2966
2909
1590
3675
6860
1998
3842
9437
1648
356
9403
5517
9012
3958
6283
7687
6583
6017
2932
1522
4906
3253
7444
6951
1466
2316
5129
195
8262
5289
3822
4924
1740
703
9815
4028
5645
2960
2037
7430
4837
5862
5669
5097
2153
4232
6952
8295
9958
8389
5385
5362
7840
5572
3399
9367
8795
5118
897
1415
2941
9454
8624
5391
3129
1526
3981
6139
333
5062
2016
7524
8341
8895
4484
6575
5742
9572
8873
2428
726
8355
2477
9951
1331
3087
1245
5824
7158
3405
8720
8054
5991
7000
9948
5088
7779
6267
3903
4574
7360
5237
7762
5462
9708
8146
5214
4878
8897
4908
893
4897
8890
1948
9661
553
8033
5627
3204
2069
6774
8807
6874
7839
576
4395
6948
8447
1986
5198
3996
1213
2957
5149
9316
1709
5664
2850
9804
9806
1215
6770
9380
3504
9534
3222
2619
8114
5632
9645
7520
2329
8036
7153
7194
1275
1371
3829
3021
7033
9714
855
6762
6062
4748
2869
716
4693
1528
2391
3134
9583
7988
3946
5184
6673
9022
1601
8231
6110
1430
3838
9433
6497
8877
2296
4660
7056
2344
3976
2599
9476
8248
2665
4963
867
7062
477
2570
9327
4652
1631
4931
60
4156
3593
2587
6459
2803
9622
3830
8848
9684
9818
2270
4335
7191
1285
7265
3618
5564
1565
993
9259
6440
9059
7940
6889
2040
4452
9809
5534
6466
4034
3228
1439
871
1394
5583
6502
6714
7810
8072
9952
6837
9919
367
3080
5745
6815
2948
7096
80
7978
6176
2674
8887
8070
6916
3100
7287
8443
1544
8279
7493
875
7
9877
2833
3545
3286
1244
7615
6400
6769
577
7815
72
2839
8625
4228
9358
8529
6994
6085
7131
3314
9485
3827
9103
3930
8687
2747
357
4944
5056
6243
1911
2984
3301
7905
4287
2431
7722
4510
516
3274
27
3942
7677
9280
9333
8484
2579
1577
4733
9516
8243
9133
1241
4541
9686
5621
5718
5401
36
296
229
8409
9107
5535
5110
5688
5042
3756
299
8980
2835
3476
2440
2226
6523
7166
1641
1569
3798
9278
9688
1613
2119
1431
4140
5482
2530
941
3014
3691
1518
7780
48
3498
8306
4808
9445
9852
9034
5169
7498
7289
9345
1240
6333
1750
6027
5190
6224
5641
8879
4405
5589
8981
6250
1673
6833
9267
1426
6966
6201
8199
4904
248
4107
8236
9308
3919
3627
5610
1664
2203
7059
9271
6438
3966
2661
4031
3835
6507
1274
8739
266
4480
5642
579
6556
2793
6204
5307
7369
3190
5782
2734
611
7406
7858
4723
8937
7187
1313
9695
5115
864
7042
3329
6801
5893
4582
6125
6515
2425
544
1198
3543
8923
9641
2862
701
7205
9544
4019
2111
7499
2355
5588
2129
5999
8038
8242
7416
7586
4431
1976
9993
1025
6433
8840
4590
7220
1527
3938
6060
7895
9646
2580
8130
4557
7353
4927
8134
4671
2331
6205
5338
719
2027
5502
4047
1117
4795
902
1536
1941
9510
5926
6844
3322
7914
4493
8818
6435
2919
7385
3599
6469
5484
4953
8489
8693
2722
9145
2573
4811
5227
8883
2486
6660
301
2922
9290
8256
5187
220
7130
3276
3758
5443
9785
203
4907
4252
8057
2916
3813
7669
1886
142
9655
9736
894
744
4920
2322
3110
8367
6312
3529
7022
2041
6872
8556
5835
2915
9584
3138
1055
6263
7550
6349
1260
383
9967
8540
6745
2763
2738
2314
8375
3209
2478
582
3303
7448
5274
4824
1682
7887
6000
8073
9799
4358
7433
138
3818
305
9127
7758
4278
1922
5813
5104
2501
5322
2221
8479
7270
5136
9884
4762
4157
1837
1988
8168
5105
4819
3201
4807
6831
6474
5061
7442
1967
5054
4033
1438
1927
5152
1946
976
8894
7584
6038
4984
307
6878
7428
8761
6670
1060
718
252
7415
2461
8011
6875
9748
234
5607
6862
2361
2084
8251
9924
7185
9980
7532
1239
6032
8408
8520
9192
1742
8010
3783
1862
8660
649
398
4089
1472
7296
8280
8218
7731
6888
9518
5422
811
52
1870
3487
399
3158
9642
4631
6955
2732
809
7785
275
1153
3571
3948
1576
3198
9628
7698
56
1510
4654
3370
3271
7678
5085
5100
3878
7753
2164
1473
7654
6173
25
8241
4728
9298
6492
7629
6758
7161
6094
5895
202
2200
3407
6172
2979
7612
5457
1367
7925
2910
4424
4491
2989
6650
3108
1785
8118
5249
4796
3603
3123
3231
9238
1704
3914
5958
5441
8122
9614
9615
1840
3651
2522
4468
2558
9927
1259
2545
9470
5809
1099
9762
3864
5421
4869
7705
4456
3926
995
8413
5256
3200
7102
3418
1940
9332
7502
1820
3748
16
9302
1738
7597
1560
3800
5294
2396
4180
610
892
954
444
6039
1944
4881
5608
8311
6508
7845
8361
7447
4251
2582
5245
9244
1666
4572
2621
3152
7390
6678
6993
8764
6754
8975
6387
8676
446
9413
6256
5918
6293
5978
8004
8416
4323
7600
7956
1511
3907
9165
2970
4274
8501
7471
9833
3246
8379
8747
6736
2143
5456
2933
5871
9797
590
5814
4217
1376
1097
6905
9838
5762
4363
6489
1304
1949
4143
953
2761
8098
8711
4009
7653
193
9549
4220
1834
1049
5622
3196
6115
7470
1860
6674
7631
920
3804
8224
5702
9436
1105
4152
8639
774
4078
9699
2756
2371
3911
3141
3039
2686
2124
4497
1852
9320
2
9461
3029
261
7917
8692
8105
9676
1338
1372
4446
4533
4790
9442
4399
1356
8727
7963
775
9570
4632
6437
2400
9214
6229
2485
1161
1396
8845
814
9207
9079
1519
1193
6946
9949
7884
7957
3362
5404
7866
7886
2156
228
4097
4670
8787
5398
7973
9407
5733
1302
9228
2554
5729
2555
1786
1437
5024
4473
9918
4101
9143
9243
65
8189
8773
3389
8825
3159
5296
5710
5910
6355
9231
657
3871
5616
3056
5626
2113
3664
6957
11
3098
6953
1247
482
7380
8068
5016
3995
6163
4871
3219
1226
663
2326
6106
8106
7081
9984
5795
1486
8178
2315
6357
6214
1825
4146
5540
8401
9579
8206
1809
7689
1167
412
5487
3796
9488
3790
2762
2508
5239
7872
9311
4460
5291
2341
1166
2978
3130
4823
8674
5970
2497
6108
1996
1112
1728
5181
2921
7795
5013
5907
3929
8628
6366
5913
6219
6708
1703
942
7466
7283
3127
5741
1382
6671
3462
5168
3518
6521
4487
6402
7108
8039
7178
4701
4121
5064
4423
5617
3351
5935
2892
6822
1725
5094
9725
1171
3425
3354
2132
7734
5325
7446
6155
6160
288
1757
9760
5020
1795
5852
62
1056
6587
6368
3809
8514
7214
9540
8619
2675
782
4128
4692
5182
7024
3477
7546
8770
1610
8488
8851
9157
7476
4337
9548
3678
9586
7113
3740
7302
7192
9659
5405
2339
2794
8777
3031
7690
3469
8002
4818
5039
791
271
2742
9590
4494
573
8525
2171
4894
9285
6984
7571
1621
1954
6037
4295
3053
3353
3254
9979
6462
9907
8061
491
4519
6696
9888
1021
7537
6008
6973
5358
1718
6709
9471
5330
8359
2513
8438
7613
6137
1494
3661
7676
7226
5082
9742
2739
1343
6401
3641
6275
2161
9425
2333
4887
6965
8333
4214
7976
9508
4769
5510
6967
1307
6928
3658
9210
5127
8232
6518
1384
8977
7944
2234
1780
7519
1836
8362
6706
3305
4781
4011
5816
9225
8898
6424
2852
3900
9346
7461
9839
3036
5898
5292
8954
7260
2397
8990
3870
3114
4741
2798
7063
5348
4731
2611
4151
9722
2488
4518
329
4999
6419
6635
3643
2952
6420
8863
8001
6989
9149
2706
3265
688
9587
1469
8561
4333
4645
3971
3902
724
5425
8833
7106
4900
2183
6535
6425
6405
4563
9547
8685
3810
3463
537
1138
7991
7472
4481
3363
2409
1208
2441
6153
1552
970
3337
3964
1715
6768
3727
8485
1067
8260
6990
8008
8370
6045
1094
5784
3010
332
4661
1422
3692
7682
6588
1366
5543
8331
7366
8160
4215
8407
2709
4584
3795
9275
4163
6750
8688
7262
8300
2581
6450
2716
7079
4955
4169
2574
1908
9746
5333
9795
2758
9222
2866
4058
5882
5087
6865
317
5315
1939
9260
6269
9553
4650
4980
5469
4485
4651
3475
7423
810
1325
1416
1676
9495
9088
734
4302
7408
6078
9029
6940
2001
5265
8982
8721
9460
1441
784
6581
5211
9669
6504
337
912
7531
5527
9994
5657
6236
4609
4899
4203
1895
3944
1627
7528
6514
5859
7273
7306
2044
7319
6850
4192
9567
1403
9794
2646
5230
1741
4658
3960
5378
5531
1114
9078
8796
3216
9409
7126
2354
3629
8351
8800
7567
6478
6897
3794
4895
9068
4070
3434
1594
5651
102
4935
1318
3493
2858
4832
4816
7516
7896
7744
4952
1916
494
5113
6129
1135
4558
2185
643
839
1684
5473
4158
9420
3538
7979
8917
2306
8678
136
9303
3328
4763
6249
6672
5521
3574
671
1965
6177
4402
2885
3186
5436
6316
105
4428
771
8423
884
7878
6436
8999
2139
9239
2128
6979
9341
4988
1363
4883
4048
5567
8960
6107
2159
1893
9812
9546
2903
2681
8664
3937
9400
9710
2342
6788
7625
5988
7784
7025
6690
5723
2566
7652
7334
1314
5968
6447
7733
2249
3983
489
6647
8926
7157
2134
3255
8961
9807
4859
3857
4975
3058
9435
2671
6048
2131
549
8551
1000
2846
9598
6721
7083
1251
2310
7315
361
1981
3537
691
8214
786
3485
395
1053
3601
1875
2112
4209
5525
3203
8339
2815
74
2728
7043
1773
8765
9393
2988
2924
8865
2935
4099
2374
4311
7199
8172
9448
6274
9196
1897
1634
6631
8951
3000
3642
7280
940
374
9301
4115
599
6868
63
619
5301
3731
459
6463
7563
9596
9930
7831
6621
2420
1475
7740
9942
9530
1408
7200
6073
1915
5998
7278
6527
1872
767
5712
6090
9842
4095
1231
9154
9763
3245
6095
2109
820
5584
2868
8839
4397
3729
3672
3632
3501
6061
472
9905
7330
7551
8226
2818
1250
238
1869
1515
4145
9172
4735
5687
7452
4662
6170
8587
1323
3696
3176
3565
8159
5242
4459
9374
1698
8746
6164
528
8234
432
3068
1062
6429
7299
3490
799
2257
1851
3171
9901
7230
8698
209
529
9883
1762
5411
4275
6257
7246
4978
530
3594
7906
1254
7695
5653
6453
1790
9704
7837
8208
9314
4901
9564
2075
8979
848
7341
8900
207
3590
7238
4793
8267
7399
6215
9576
6775
5654
3458
8861
227
8585
1443
1910
5135
3421
4884
7006
807
6124
5225
6931
3135
5251
3104
6057
1618
2141
2561
1525
8170
555
1417
4035
110
6908
1754
3737
5539
6785
9195
8415
7509
9632
1272
7171
1019
5223
69
8286
3576
8965
4148
3166
4450
5084
4809
5494
3091
3640
3102
5672
9915
5363
3906
1076
8681
387
633
1032
4422
3327
913
5101
486
6763
488
7757
9047
6584
3211
9161
4126
4699
151
2024
6538
934
8077
1450
4939
8047
7492
507
4208
2553
3391
6804
7457
5992
6922
2217
4050
3050
2028
8912
1488
4404
5030
5656
7443
3143
8809
6695
8899
7601
1050
7051
3352
9644
9928
5347
8325
7607
174
8427
226
428
6140
5268
5808
5278
5022
5372
8649
5486
4642
6594
4065
1990
1029
4657
2964
5977
4705
3431
2775
7061
9896
1733
7219
8015
2259
9456
8880
3047
4186
4394
6378
7857
3530
4416
5553
6063
2180
8718
1657
7771
1467
7436
1929
1297
6212
5753
5683
2155
7802
3566
3652
2154
6517
6359
3959
6304
5682
2506
7713
6178
658
1379
4539
1149
5987
8275
4893
349
9202
3515
2547
3834
3046
6941
2357
8679
6395
3586
7377
3191
3213
9092
3693
9217
1681
2432
5975
863
2879
3261
1477
4297
6982
4625
5474
759
6728
9463
6782
3260
5417
6976
6239
3843
417
5829
3701
8335
729
2931
8684
873
2091
1775
5596
6715
5995
9875
632
9216
8732
7536
8536
8473
327
4213
8828
1202
6034
909
1279
3017
2463
994
6712
8173
3318
6720
3292
9173
2264
5420
2603
9004
9573
2086
1845
2011
2214
7480
7350
1803
4091
9847
6578
6271
5971
8428
6081
2363
7964
5696
4583
8762
5019
58
4372
6114
5160
7250
7427
198
2900
8043
906
3845
4827
9770
303
6303
150
5369
5551
2962
208
9164
5288
8953
5959
6494
7141
4223
5997
7183
6530
5192
2307
9058
5779
8748
678
6812
4451
4123
7367
375
6285
115
9677
3520
6503
9773
7285
3780
8592
3489
1696
400
2519
9801
319
7952
7834
200
2365
6367
7396
3009
8420
6138
7300
5692
5128
1756
4663
3997
971
974
4160
2690
4329
3258
2285
7838
264
5185
5273
3811
5403
471
6059
6824
5719
9776
3450
520
7806
1989
5775
2003
899
143
9151
8244
6325
2813
3
6487
2192
9013
6414
5313
6639
7086
1531
6238
2567
5175
2877
5269
7290
2662
3982
8140
9840
4010
9975
2451
5188
3749
7743
7040
5489
1843
3928
5099
5002
2087
7918
8948
2884
2233
9629
5377
2657
351
2710
8094
6589
7249
461
6622
2443
9726
3183
6264
2972
3326
1628
2528
9618
5693
5308
1717
930
4396
5948
409
8892
5873
9784
7116
3616
6808
1818
2630
4204
2836
964
983
9777
8867
3532
249
3550
2376
6044
167
1205
7993
8074
3099
6882
8959
1173
1592
4006
8338
281
9682
4697
1447
3118
6531
817
1937
3978
6692
1942
6018
8849
8112
1975
6643
6346
8872
8387
1868
3630
7892
2053
2068
3075
392
780
9582
2305
8377
309
8026
7407
5275
5902
1801
3109
2653
3004
7286
5143
5254
3288
6185
3233
8611
2147
4747
3237
715
4992
3719
3559
8766
1557
8386
4564
4911
9535
511
8052
7088
4943
6795
5724
5940
1204
586
283
836
5921
7556
8630
3381
7348
7668
4376
321
5337
1699
4941
8853
4171
588
6087
1838
6040
4646
4408
8129
697
3306
6925
1889
2767
64
7004
8754
4656
5008
2578
1713
625
8422
741
5869
5125
7365
1383
4810
6135
7208
646
1898
5442
70
1351
1914
8368
8310
3587
3759
6476
7463
3181
2471
8908
5877
335
3514
7129
8092
6131
5758
3115
2917
4771
1359
2241
4053
4170
2944
9559
134
8952
2351
7109
8847
8609
9042
368
7337
5047
9233
8113
3206
2336
4648
5770
4382
3726
813
3436
6297
5498
393
50
5331
8434
905
8881
1841
9248
9747
7927
9020
6470
5384
4322
224
7530
1793
2752
519
8135
2789
4309
5293
5162
6328
9464
6626
9846
1561
682
2414
31
7902
8132
8713
3128
5686
3023
9176
9978
1286
3715
5848
284
9717
5760
8594
640
9845
4367
129
4265
416
4122
3140
6533
8758
562
1917
1674
1796
2894
1550
8580
6534
3772
8060
8717
1188
5111
8950
6477
2118
6412
4247
7309
355
4959
2684
3338
6232
6983
3005
5317
7527
1158
5366
6386
7384
6268
8013
9077
9739
2227
4691
8586
9563
5236
712
3064
7412
9041
116
1071
3884
4224
4623
2359
2967
2848
1842
5438
7099
9199
169
6963
6929
5689
7376
2695
4851
7576
1997
7437
9986
7065
2370
3043
2157
9685
8906
5587
9304
1533
9138
9230
466
926
7919
4254
7068
7189
1903
938
9606
8210
5155
6917
1647
3513
6756
7343
2117
3984
8152
3037
6252
4960
6372
8348
3003
164
1225
1072
173
9692
7239
7700
4443
7825
4912
5660
3814
3027
4903
8889
4855
2824
7218
1348
9198
4802
5263
3393
2187
418
8399
1335
7311
1354
1662
4788
4074
6620
1688
7958
1743
4022
1933
6659
6835
8940
8454
5355
6373
4243
745
7538
5051
5704
1782
4305
3313
3602
3677
8270
9325
6370
1609
9543
4499
4958
3081
5863
3417
4025
9943
7149
8349
1573
9693
5048
7486
7849
6070
9837
6183
2652
8893
9008
1787
4514
3465
1611
4857
2688
5066
6299
9536
3720
212
8644
6030
3397
4948
98
7413
4921
1035
7718
4127
8203
377
3112
8697
4548
6972
8864
3085
2081
5419
532
7400
9179
4985
3707
1118
4772
6748
7351
433
5668
9822
2958
1598
4875
6856
1306
644
1553
1746
7522
2976
6166
9281
9817
478
6254
4616
1623
9087
9452
8991
2448
4506
6814
4576
7861
3444
37
9830
3372
2413
9026
5934
1301
324
3823
3607
2098
9938
5571
3637
5252
4537
1087
943
5709
7424
5985
3248
8009
133
1551
276
2401
8942
6004
666
9531
5703
1874
28
1445
7075
4891
4523
4842
8281
8869
7741
4269
2332
4673
353
6082
3376
6579
1753
5309
4713
5799
2009
6188
1588
1197
1468
3494
1212
2698
5874
7746
3839
9823
9619
3921
8815
5827
2240
7135
2245
1835
7644
20
9188
6753
2670
8866
7087
3252
7995
5324
4448
1084
9110
4738
1436
5790
4703
8808
1222
8308
4336
9881
5018
9517
3970
3082
9430
8945
4046
9269
215
623
6787
5279
6443
5581
7730
6630
166
1616
8179
6628
192
6148
504
6209
641
4419
254
1334
4003
289
3401
7098
2769
6582
6364
9349
9482
3408
8841
2907
6461
9355
9073
5821
5137
3648
5878
4194
4410
2516
769
262
5413
9494
149
5909
9959
172
323
9831
1506
6253
5763
1675
6834
2387
4248
7627
1643
7134
2318
3315
6576
7685
3757
8652
9232
450
711
8657
7847
2804
4106
2912
7819
2020
1063
5937
1289
6863
7207
1901
7303
2664
3734
6537
2714
4495
124
4611
8819
7572
5017
9045
9533
1385
7127
7894
2104
8627
626
6682
8545
6021
1489
5503
6759
12
6971
7494
8817
949
6013
6852
8316
1405
1520
5195
8793
7589
8223
1829
470
5319
1228
7236
3349
6052
1098
9672
8474
5899
5599
3979
66
3416
2489
4715
8871
2725
803
6168
1695
6633
989
1249
1390
1128
3225
929
5557
7798
5364
244
7981
3699
3065
8858
5746
1344
8358
4937
7830
9352
109
538
9886
1187
4108
1352
975
3386
7610
4489
5323
4647
4633
4538
2379
5336
5290
7583
6731
490
2760
9427
6903
6481
1697
5382
2637
5153
8986
8381
5430
3165
40
7510
4135
7936
1455
5466
6390
5554
6854
9766
4039
3821
5647
7578
546
702
2743
4166
3583
8250
9094
3635
7791
2056
7031
9864
3279
9528
2538
3547
2224
713
7383
6596
6206
1040
51
347
659
8373
3961
1300
8317
9293
6488
7196
3343
8259
4698
4197
0
8506
9163
9443
9887
4758
7774
3320
5435
7111
2407
6319
7465
4515
6675
4030
1329
4092
9177
7591
231
2099
9681
4475
1233
7619
4291
5853
5215
2405
8117
4756
4833
3404
5004
1451
4568
1252
6879
3573
7514
22
1896
1347
6130
3523
510
6403
1336
5365
732
5953
7739
469
4112
4520
3257
267
1155
5773
4865
4293
8165
5854
1258
4021
4124
4327
8904
984
8430
3634
502
4216
7935
4326
1778
696
5732
8269
6410
932
5122
4007
8424
4987
6362
9882
7939
6662
236
3422
9522
560
3506
5196
4766
1563
9961
14
4273
7542
4836
9513
5276
5515
4063
7643
1361
7372
8562
1568
8323
1727
3142
9011
7034
5197
4073
5332
7506
1004
1419
1283
8123
8190
2829
5990
4328
3705
3973
4038
5231
7180
9895
49
6311
4630
5928
2209
3999
9064
5695
1147
2289
107
5432
8735
3784
6796
3400
603
9312
6187
1409
4266
4233
6632
6460
3298
1102
6906
3169
996
3430
7418
8669
8776
2951
3369
8702
453
4150
2160
3461
6597
3987
6055
5458
4916
5075
6602
5334
2330
9032
1654
8963
73
3596
8918
5092
720
7891
7899
5445
692
1248
1421
6855
8466
4966
269
9931
4566
7030
4331
242
4401
5114
6958
7813
5447
4338
5505
6162
7316
9509
3015
7271
7999
5351
9168
6791
783
9282
955
4950
9108
4125
8891
9900
1462
88
6828
9716
6374
4509
8136
5748
473
8650
9392
742
3610
2177
1920
3773
3742
3441
677
9731
4306
8017
3184
6133
7922
7170
3956
804
7174
9191
6344
3350
7339
8083
4995
8903
7773
3683
6262
6211
9377
8539
6391
5370
5221
4370
3754
6147
6109
4188
5440
5942
1935
7598
9150
3173
3146
6969
831
3454
5780
7154
7812
4571
8511
5328
6290
2433
7797
1433
6500
4872
5886
2402
8005
7342
8656
6606
4759
5638
4737
4116
4210
1017
4471
9759
1712
147
1487
542
1243
7449
8554
2362
7005
1640
936
3617
669
3150
3636
7041
7997
5857
5053
7711
9891
5749
2987
2799
7681
6389
170
6880
6464
5416
9006
9662
3395
7361
6350
664
5768
8087
4412
5161
6151
1278
1771
9421
9050
9591
986
1867
527
4624
3526
6358
2298
421
2484
7453
4951
8860
5565
3776
5609
9487
6884
2045
1342
3940
7186
2312
3763
6783
8823
5483
2615
4182
9007
6623
7080
5615
6439
3619
104
1822
7272
3456
787
9631
2520
3032
6259
6001
2350
676
8030
1276
2198
8579
3882
7381
9423
6845
4726
9114
7104
4398
910
9854
2055
8380
6915
6585
1151
5756
3358
8728
7462
9925
8645
2658
8725
182
9700
15
2873
4560
3980
2294
8527
540
4690
2613
9538
7467
4470
7766
1070
593
7481
5734
4856
4835
8837
2337
9227
2535
9779
945
8677
7841
5618
7732
3001
3885
4348
735
2669
2807
7165
7275
7152
9751
587
2427
2542
2683
868
8340
2473
3927
1744
5585
8175
3499
5797
1465
222
4417
878
7634
3250
8552
6549
6760
5680
7804
5637
4324
1890
5180
1277
3899
7357
6730
6069
3224
7632
6041
503
4552
3054
9015
8044
468
2220
5007
3679
8854
7008
3820
1547
7558
580
8756
9664
9826
3728
6826
8734
2107
219
6218
5148
1977
9602
338
4167
3275
1856
5086
840
9479
3837
790
190
8445
8846
7301
9500
1501
1229
8064
5130
7622
5547
8465
7793
2179
2065
1749
3951
3283
6841
2811
3881
4298
1644
7833
8512
448
2651
9056
3649
3655
3174
1521
2546
9097
6532
4556
8549
1987
534
5208
6223
1444
3890
157
1012
723
2648
5067
9428
5786
3917
9033
6103
2123
3472
7055
6605
672
7450
8535
4613
2689
2995
75
8305
8855
6934
1407
5414
8920
8733
1764
4757
4954
4555
2216
9024
2319
2238
4364
1362
2449
2063
2525
3760
1720
766
2383
3606
4666
2715
9616
2163
3626
4231
5015
9052
4554
4391
5864
8350
3024
6793
3716
737
2927
3816
9105
6260
7626
9098
838
8318
9117
2398
1365
6126
204
4258
731
9653
2030
2889
7518
4347
8928
2097
7259
4138
1969
5478
3736
3858
6907
1763
2682
8911
300
4178
2901
4600
1589
5146
7908
497
9066
7388
8503
6286
4784
4585
3901
2323
5005
7176
6123
7829
5952
8886
5409
2321
9256
6197
5946
7417
97
5397
1968
9237
9963
5285
4794
7769
4462
7235
4084
114
4957
168
7156
4531
9973
3659
2622
4390
1007
9936
7787
7336
2021
4618
7709
7368
721
363
3294
4559
6645
6227
3172
8671
5222
9416
6134
8238
9300
7420
8144
4144
6009
9378
3577
7736
917
6881
7521
3097
7049
4607
3312
2691
4330
8287
3096
7328
7497
1164
3936
2625
9099
5766
7474
710
2438
3289
3041
638
8947
7512
5389
5707
5528
3579
4779
3721
9798
2302
1340
4754
4534
9850
6540
9449
1423
6612
2720
7645
9481
1435
4932
6707
4449
9623
308
1680
2194
2904
4969
7955
1830
9491
758
9023
1591
6809
3895
7117
2426
8599
7832
9630
6978
304
2444
548
318
2487
2133
3851
6315
8726
5177
5108
1624
499
9450
3722
1095
9245
1218
5603
9552
6693
9526
916
423
968
376
9170
5449
4524
3218
5634
1826
3345
8202
5141
4316
3388
159
6962
7115
9005
3479
8595
9556
6545
7282
3402
2468
1124
8397
776
7277
2890
5049
1513
1159
5001
3974
531
1918
8771
6904
8925
6196
3448
5728
9893
8085
7881
7679
3735
8701
5373
2659
6498
4785
3833
4567
3567
3568
6772
675
3769
7916
4057
7094
2730
2034
1723
7864
9715
5698
1779
8211
6558
7429
9194
6937
6839
5570
1448
5887
7664
8162
5394
3613
5513
9634
8921
7708
4000
8153
4993
4996
2317
6465
2222
8347
7248
7440
3815
379
7441
7575
8500
5569
9467
7621
3478
5979
5842
8219
8541
689
2638
9035
8633
2544
6360
8019
6741
2169
4889
9483
1943
1993
313
9376
8985
872
3090
7938
3764
9640
6118
859
1962
1036
8364
5070
8115
2624
5079
3725
1096
6112
5981
3786
6722
3819
340
7529
9379
2773
2059
3145
6570
3889
4672
1534
9309
8810
2343
273
5318
9643
7012
967
8820
3988
8432
8374
2417
9295
5055
4603
567
8346
5212
5759
6074
8601
2142
3888
4318
2188
6820
8905
3067
2636
1844
6327
2206
8076
8491
7307
8028
960
2556
9262
2476
6655
4341
206
8233
9027
7479
2144
7210
7209
3374
8661
617
1242
1909
1214
5345
5579
7860
4366
8993
5485
7138
5460
4886
6356
1686
7169
4923
8901
5427
4479
2276
4082
6509
3240
3941
2170
4977
45
7903
7114
2713
7778
6398
4770
9730
3168
1413
2986
1622
8502
9955
708
2634
3256
6326
5798
9569
9182
5885
8444
8037
7503
7539
826
8091
3807
7871
6893
5241
3986
5454
186
7951
8452
4113
2313
551
2737
5183
8516
9399
96
6598
4005
1377
8003
1899
4325
8442
1123
1541
5888
1995
82
402
343
8025
8794
3199
2500
9527
3700
4917
3646
1038
9953
7212
4184
1079
2126
5568
660
7107
6702
4049
1370
5705
7968
9240
7549
4386
2860
5678
5375
445
9745
443
7595
4867
270
6566
2022
3739
4704
7540
629
5415
7950
1172
8402
3492
5625
5320
7268
4861
5961
9867
5524
8984
7915
9246
851
8530
2749
9190
7172
6705
5282
2395
3447
2026
5392
8967
668
7363
2381
7792
1411
2666
6511
8878
4743
41
1192
5980
5011
2926
7998
2973
4998
6203
2740
2070
87
2475
2090
4744
9317
1284
4191
7028
7946
9375
2856
7823
2778
7874
8590
5700
4076
7168
1388
8302
246
5931
3061
380
6159
5063
5994
5954
6422
7942
6165
7136
6014
1636
1178
9389
2182
1246
5549
4765
3180
382
706
426
7651
7314
8760
6022
120
9974
6084
6866
2969
7221
4874
9037
841
5032
1497
9666
5522
3883
5446
3848
743
4368
5819
7015
9871
1064
4185
8914
165
7828
348
785
7920
3155
1819
4553
8558
2639
239
2908
5690
1930
8788
5433
8014
6634
5658
8324
7100
6553
352
6132
8419
9904
8468
9545
9370
4406
8759
415
3528
6012
3533
3179
9758
7477
8410
47
2442
5121
2269
4577
8798
2137
1146
554
6864
9594
3420
4579
4284
5646
8583
1296
5157
4712
9903
7331
6794
7478
886
4483
8392
8147
6287
201
4176
1732
571
176
962
2150
802
7329
550
8012
5497
6823
2934
5302
2929
3411
5844
5499
9604
4853
1853
7725
3446
2834
5772
4828
3604
5923
3435
9689
5395
4455
8567
7320
9299
7680
900
6483
8566
2466
9344
5623
4054
4369
362
5357
751
26
6195
6895
3673
9935
7605
1309
6309
3949
4365
4415
7633
3730
455
8412
1828
2994
8955
2703
2012
946
2717
9155
2757
2590
396
8075
7326
3702
844
3154
8294
9612
6394
5706
1315
8834
6116
3307
6199
9258
8288
3718
7089
9521
9617
5602
9208
2002
8192
4706
2765
2181
3241
4183
8321
6033
583
2121
5439
1556
4280
4253
9880
3007
7822
6323
9235
5477
1543
2043
4526
76
5514
1490
1812
5465
1858
1456
7431
3336
7808
1219
9142
188
1339
6894
9441
4277
2054
5250
9869
6273
1980
6317
7039
8578
7617
4926
3868
9002
8253
5765
768
3939
2552
8185
7335
8615
7060
9780
235
6601
2280
1180
7233
2458
3524
6480
2201
5560
3623
5574
7064
8344
9701
3323
6818
5203
8577
1642
589
5037
1020
7562
2094
8089
3708
2712
1585
9834
4343
8665
5605
5892
1460
4409
9652
5164
4638
440
3373
7599
8481
5386
5593
6918
685
256
822
9038
6407
3002
9330
5917
584
3385
1075
536
6525
8383
3686
3018
1190
9581
4221
7224
8968
7560
6677
9061
2754
7986
2854
8896
7167
7338
184
436
4083
2114
4088
9923
7223
4199
8182
9836
9153
1364
2494
5713
8643
9054
1619
5800
8970
7569
2982
5783
2052
4896
1887
612
1770
998
1597
7132
6859
1832
2191
1292
5009
8640
1902
81
3598
7044
7931
9813
8907
4760
7173
6097
1464
1199
1022
496
5996
366
8088
2482
5845
654
291
5876
4029
8742
5949
8297
7564
9741
9712
9941
3744
3517
982
6241
55
9166
1722
1964
6237
4434
755
3078
9287
545
4593
3502
2115
4945
1978
1224
5781
6717
2809
8237
9503
1174
7826
5036
4225
9369
1496
7954
6900
4285
9637
5186
1508
7885
5592
9211
6913
8844
4858
7070
3077
2048
5679
8584
3151
4161
7870
8816
2103
1220
4262
8342
1491
3470
9001
9069
8343
6711
9977
8909
9418
180
543
2594
8352
2254
3525
6486
6970
2616
6624
7244
7256
5965
3500
1761
8319
3202
8384
3136
8265
614
5083
653
3945
6964
5901
1474
4238
978
5520
830
4798
6836
6423
8526
4665
7704
1074
4458
5556
7844
4522
4267
8637
5538
7568
7054
6838
9386
8597
3817
8457
3859
4400
9542
3359
6689
3156
1894
2496
2266
255
1721
493
9947
7543
5794
1194
9675
935
5914
1575
6184
3332
581
3162
6482
4797
7148
320
3278
6266
3482
8006
5787
6145
407
7803
3850
1593
4096
2311
4436
2378
9366
9791
8222
5167
8477
196
8570
3496
403
4381
9465
9811
5046
5744
8683
2992
4997
7159
5123
6942
4621
925
3365
3908
8641
4008
883
4100
9250
7082
6949
3723
4782
3474
1571
6161
1530
9589
6246
7649
6734
5598
4714
9551
8463
2172
5747
1175
6190
1011
369
9431
2593
183
287
7561
2029
854
77
103
1810
5491
3531
870
6031
8542
4467
5939
1221
8704
5738
9651
325
7846
3968
9625
53
7393
8716
1805
9224
6152
197
9663
4768
8723
2076
243
6111
6251
1839
241
6557
7949
6751
1269
9792
6924
1169
3650
3235
5165
1668
4075
7635
8573
5962
522
8719
7888
8020
3584
2394
4222
8666
7794
9148
515
7703
7057
9550
8781
5552
3267
2340
1115
5116
475
3877
8831
2626
966
9575
3775
9489
3392
8537
8104
6207
8803
1729
2779
8647
1652
6104
1374
2272
7965
9593
5803
3088
378
5259
5601
2213
7816
5271
2439
2601
7036
1273
8314
3875
2526
1737
8691
3943
4087
3552
7683
5470
4664
8902
3688
8467
5537
1386
5717
5012
6306
9124
2980
958
9519
5731
217
4109
100
3676
5812
310
508
4532
7181
5785
8078
557
6456
674
6827
2598
5468
5976
5720
1861
3695
3844
6867
5057
175
3849
7484
3212
8128
79
4486
727
6614
9638
1865
359
2586
9493
3785
5500
7124
4242
2308
5846
6543
8589
7750
5027
8705
5266
2228
6646
2635
8177
6529
1058
2275
8109
2368
2822
9825
3346
6036
9265
2844
4501
2261
7257
5434
8111
8164
6752
5764
1103
5566
8453
5671
3497
2977
2939
6939
1282
1088
3861
4592
3344
1891
2893
8230
5973
4020
1010
6444
3905
3033
5600
1077
2410
2786
1492
9853
6194
237
9914
8784
4910
7456
1008
5595
9738
4488
484
4722
7240
5619
4080
2349
5388
6495
1667
7267
5737
7188
7761
1116
835
4659
3208
2364
9828
3324
6475
717
8225
7776
2292
3437
3195
1091
8127
4914
2867
8689
9670
4129
6345
8929
5739
2353
5818
5493
3873
2372
7160
9049
9639
1774
9902
2078
8404
3167
2819
1794
9264
1267
699
4041
2125
9525
6776
6648
8108
9899
2999
5258
4562
3207
8035
8040
9030
1125
3615
6861
5613
973
6665
9340
3164
4332
1971
9296
1769
4634
6404
6506
939
3893
4949
6230
194
9898
3282
8555
311
4026
4260
146
7710
4852
9084
3331
5248
6749
4430
5220
9044
5117
8120
6961
600
5451
2190
7374
8802
7234
853
523
1328
6799
5715
2173
3765
6445
4013
1368
1614
6225
2692
381
6142
2419
9626
4619
1558
1777
9787
1540
9999
9865
9946
5983
4036
4653
6843
882
3897
3103
3625
1106
2039
7843
704
8081
6526
2106
9752
5217
4846
8433
7767
178
6379
615
524
9874
961
336
5947
5488
4244
4469
9863
90
1181
1736
8498
4496
595
1186
4259
7959
3969
1392
7092
7877
1185
8334
294
2446
7544
4001
9043
1054
2792
1512
9749
680
5699
3285
3965
3214
9095
6175
686
4601
7137
7488
1959
6667
5562
7504
3242
518
1813
9123
2788
4780
1607
2534
1177
6413
8560
7990
7796
2404
8699
7255
3426
7123
9711
4043
578
7907
4130
4507
3767
2787
6289
2849
2085
9396
5802
7754
862
6210
2202
4090
3866
3360
1092
9855
5577
7930
4841
8145
8933
7206
7266
6169
8790
637
645
7606
5352
6431
2480
3724
6015
1051
9178
722
3486
2399
1143
8856
2327
7865
8607
1690
2533
4730
6739
9824
2284
2871
2166
2923
7911
5530
4972
6912
3028
5925
1024
57
5283
5191
793
2971
7382
6028
3442
3713
3177
5542
210
6778
5721
6396
5945
6902
7229
9116
2279
3069
4596
1355
9484
1440
9475
1707
9067
4727
258
8449
815
4342
1612
5131
6276
144
9756
5450
5860
8631
1711
1069
1341
6226
3415
865
7093
8943
7263
1683
2745
2748
1873
8852
5924
8228
9970
9388
1606
6666
4602
5326
7756
7475
8638
1145
3488
7937
9147
7018
9558
6625
5778
5750
7666
8289
2696
9261
8461
2373
8126
8966
1170
408
9709
5406
9859
4018
6551
8593
4587
1546
738
1201
6308
6146
4004
6136
2193
9729
160
985
2796
2750
8538
1122
4749
1912
7023
1555
6105
1655
858
345
1876
2218
2864
2031
7770
2210
3808
9909
1859
808
9046
5233
4599
92
3660
4791
6664
18
9171
1429
5606
2874
5031
9189
8813
128
679
3812
4444
2135
7763
3912
1310
9922
2033
5648
8989
7253
5989
3074
2058
2256
5089
8181
5034
5204
8249
7247
2283
7721
8755
3711
5098
7675
8276
8832
2288
7720
2887
3698
3909
233
561
156
2596
278
6157
1023
8376
4429
2851
5316
3281
441
4805
4929
6777
6418
3957
2418
4688
365
2393
5550
4190
5216
1963
5140
7737
322
8441
1705
2841
5896
2942
4353
9331
9502
9765
874
4776
8096
2949
5343
8752
8137
594
1298
7603
1970
1791
9236
5972
2079
6848
9755
566
2945
3687
5691
3516
6484
2100
5789
9167
1399
9588
2445
8510
5620
6005
8509
139
5817
525
6432
1131
7901
2366
4919
2453
6408
8932
386
5629
8315
819
683
9944
9786
7594
2559
8774
9412
3681
9800
1033
5213
4529
5199
9529
8082
889
67
5509
3639
5224
6192
3840
5068
9036
8034
4062
6846
6307
7468
1345
4848
4132
8964
1734
9650
5666
2572
7389
5922
9359
3580
8915
7535
9793
2953
7358
24
1110
700
4137
2510
8483
5280
5661
4686
1042
7862
1046
7007
5906
2175
1505
4315
4608
8976
8385
7327
8142
2857
7392
5300
7566
9348
4825
806
7053
2250
8283
8121
1904
6681
6019
8027
8274
4478
7642
5825
3761
5119
7313
4454
6171
9419
6318
9772
5077
302
736
8366
8296
9019
597
2655
1470
